mean: 1.33731 std: 0.333738 rows: 267
mean: 1.23933 std: 0.358651 rows: 267
